Here are some random numbers, now guess the flag
215
234
109
180
115
60
117
95
17
120
69
25
179
182
103
201
86
235
135
129
144
95
192
143
33
184
160
125
181
196
141
5
66
58
163
163
207
91
175
171
118
165
241
194
233
60
239
105
119
115
243
38
31
139
213
209
153
203
180
243
7
23
72
198
167
163
7
113
11
206
15
33
253
32
52
226
114
82
40
252
204
249
93
110
33
77
123
113
198
71
68
60
86
147
83
217
62
239
108
132
190
59
75
65
10
116
151
108
138
195
137
2
116
14
139
206
129
105
136
128
20
182
148
92
238
234
216
70
86
106
204
65
185
129
192
222
189
156
235
